31.561323281066436,214.24374433498727,10.0
====================================================================
0,255,0,1.0,1,1.0,KeyDraw,1.0,340.0,310.0,0.0
255,255,255,1.0,5,1.0,KeyDraw,1.0,40.0,300.0,0.0
255,0,0,5.0,33,10.0,Table,30.0,210.0,160.0,0.0
255,0,0,5.0,32,10.0,Table,30.0,210.0,120.0,0.0
0,0,0,5.0,34,15.0,Chair,10.0,160.0,140.0,0.0
255,0,0,1.0,5,1.0,KeyDraw,1.0,50.0,150.0,0.0
255,0,0,10.0,7,10.0,Container,10.0,50.0,160.0,0.0
255,0,0,1.0,299,1.0,KeyDraw,1.0,50.0,160.0,0.0
255,0,255,2.0,51,5.0,David's Laptop,5.0,770.0,340.0,6.0
255,0,0,1.0,37,1.0,KeyDraw,1.0,92.09680013585574,246.83118804003936,0.0
