48.258114074592946,232.57649952551526,10.0
====================================================================
255,0,0,1.0,1,1.0,KeyDraw,1.0,50.0,100.0,0.0
255,0,0,1.0,2,1.0,KeyDraw,1.0,50.0,110.0,0.0
255,0,0,1.0,5,1.0,KeyDraw,1.0,50.0,140.0,0.0
255,0,0,10.0,6,10.0,Container,10.0,50.0,150.0,0.0
255,0,0,1.0,50,1.0,KeyDraw,1.0,50.0,150.0,0.0
255,0,0,1.0,51,1.0,KeyDraw,1.0,50.0,150.0,0.0
255,0,255,2.0,51,5.0,David's Laptop,5.0,340.0,310.0,1.0
255,0,0,1.0,3,1.0,KeyDraw,1.0,69.52949608862264,245.71150265506247,0.0
