294.0226936096901,86.98792771465038,10.0
====================================================================
255,0,0,1.0,1,1.0,KeyDraw,1.0,294.0226936096901,86.98792771465038,0.0
255,0,0,1.0,2,1.0,KeyDraw,1.0,50.0,110.0,0.0
255,0,0,1.0,2,1.0,KeyDraw,1.0,50.0,110.0,0.0
255,0,0,1.0,3,1.0,KeyDraw,1.0,50.0,120.0,0.0
255,0,0,1.0,3,1.0,KeyDraw,1.0,50.0,120.0,0.0
255,0,0,1.0,4,1.0,KeyDraw,1.0,50.0,110.0,0.0
255,0,0,1.0,4,1.0,KeyDraw,1.0,50.0,110.0,0.0
255,0,0,1.0,5,1.0,KeyDraw,1.0,50.0,140.0,0.0
255,0,0,1.0,5,1.0,KeyDraw,1.0,50.0,140.0,0.0
0,0,0,5.0,50,20.0,Table,30.0,340.0,310.0,0.0
0,0,0,5.0,50,20.0,Table,30.0,340.0,310.0,0.0
255,0,255,2.0,51,5.0,Laptop,5.0,340.0,310.0,6.0
255,0,255,2.0,51,5.0,Laptop,5.0,340.0,310.0,6.0
255,0,0,1.0,1,1.0,KeyDraw,1.0,294.0226936096901,86.98792771465038,0.0
